train=[4.122925443119473, 3.9972711748547023, 3.835798348320855, 3.817280819680956, 3.777957648701138, 3.7371785826153223, 3.7409820583131577, 3.7716065141889783, 3.726755698521932, 3.671259037653605, 3.7152921146816675, 3.634623148706224, 3.655942349963718, 3.597783531083001, 3.681716142760383, 3.631314661767748, 3.5753625366422863, 3.6477973222732545, 3.5344989644156564, 3.5681905892160204, 3.6350891033808392, 3.578680215941535, 3.561387352148692, 3.6380699555079143, 3.596685140662723, 3.5290246433681913, 3.5577506449487473, 3.5765169077449377, 3.5610617770089044, 3.5461843649546307, 3.516901414924198, 3.5936548656887477, 3.552843475341797, 3.581570845180088, 3.465764304002126, 3.4755279805925157, 3.5329234017266167, 3.573764700359768]
valid=[4.3535867374738055, 4.016069866021474, 3.8881629665692645, 3.7661312432289122, 3.669451503594716, 3.5634076917966206, 3.451023892879486, 3.366536665757497, 3.282028154850006, 3.212282690445582, 3.1319687044620514, 3.0451604884465535, 2.9953091644446057, 2.9327940359910327, 2.8828509689966837, 2.8168663372993468, 2.766493475119273, 2.7162399734656018, 2.6808382408618927, 2.616825646400452, 2.583093291123708, 2.5411628631750744, 2.500433350165685, 2.4702552715142567, 2.422503938913345, 2.3984102322657903, 2.3438614032268523, 2.3003972736994425, 2.244708380381266, 2.2403537628650665, 2.1925721151828768, 2.156149022738139, 2.121377457777659, 2.0892616293032966, 2.0343276042143503, 2.015899130980174, 1.9910796121756236, 1.9508073085943858]

