train=[4.049621929062737, 3.9380134450064763, 3.926905017428928, 3.7979229079352486, 3.7542247507307263, 3.6988430473539564, 3.6536403285132515, 3.5641485108269584, 3.561401602956984, 3.5227972666422525, 3.5073252386516995, 3.435264696015252, 3.450859623485141, 3.3908734612994724, 3.2911189715067546, 3.3890121936798097, 3.325492842992147, 3.363295904795329, 3.2205779393514, 3.1815053515964085, 3.222097142537435, 3.162562359703912, 3.1150391340255736, 3.1579573141203987, 3.221578900019328, 3.094537717766232, 3.1129523542192246, 3.1497651086913216, 3.134735890229543, 3.0771831300523544, 3.0812487224737803, 3.1781781209839717, 3.160399643580119, 3.0556106130282084, 3.0081045230229697, 3.059485978550381]
test=[4.468733261267344, 4.031020497322083, 3.871868094921112, 3.7185831163724266, 3.5819832363128663, 3.452431532382965, 3.3367062651316326, 3.2055093820889793, 3.080521933078766, 2.9731858328183494, 2.878335006157557, 2.783775400797526, 2.643471766233444, 2.5300859835147858, 2.4379261361757916, 2.3415587465763092, 2.217677474617958, 2.118232402165731, 1.982930306315422, 1.8885141181945801, 1.7851862432956696, 1.6710994822581609, 1.5735303463935852, 1.4822465909123421, 1.3727715760072072, 1.3075676268935204, 1.2119780539274216, 1.121857982436816, 1.044829852104187, 0.9782531774441401, 0.9009684441685677, 0.8416096044679483, 0.7735461579759916, 0.7154434932122627, 0.6663266765077909, 0.613505967070659]

