train=[4.1505319754282635, 4.024952517615424, 3.9212286657757227, 3.9114847527609933, 3.791590690612793, 3.648534960216946, 3.668745909796821, 3.6348173062006635, 3.526389937930637, 3.5440274794896443, 3.5310378313064574, 3.4125136322445337, 3.4598083628548517, 3.4131562365425956, 3.3717332071728174, 3.3176311016082765, 3.277958936161465, 3.169093388981289, 3.1553528666496278, 3.164685775174035, 3.126956213845147, 3.1544191386964586, 3.1469243341022066, 3.0780865642759534, 3.076905181672838, 2.9856058809492323, 3.0560980002085367, 3.023880034022861, 2.975751887427436, 2.97179770204756, 2.9585516148143345, 2.9749655471907723, 2.9427535441186694, 2.9868012017673915, 3.034896789656745, 3.0344235241413116]
valid=[4.51494155550003, 4.045495606899261, 3.8979894631703695, 3.7412287653287253, 3.591037058989207, 3.442466637770335, 3.3310573541323345, 3.2212297298113506, 3.0852043909231823, 2.9683886524041494, 2.8671746941407523, 2.75357319577535, 2.637387856801351, 2.517850878079732, 2.4042473827997846, 2.2940959973335264, 2.1896636989911396, 2.0658308719793954, 1.9645588752031327, 1.845312708258629, 1.7315514230330784, 1.6249602185885113, 1.5161026459932327, 1.4214217581152917, 1.3085660371581713, 1.2268732451001803, 1.1280870091319084, 1.0382988349397977, 0.96067124269406, 0.9000739926298459, 0.8172843638757865, 0.7661835772693157, 0.7046952652931213, 0.6619741526246071, 0.6020278378824393, 0.5508129316568374]
36
