train=[4.233749087651571, 4.095548627111647, 4.033723351690504, 4.086552447742886, 3.898924602402581, 3.882543338669671, 3.9153796248965795, 3.8432233519024317, 3.7659528891245526, 3.825685569975111, 3.80397130118476, 3.7402647495269776, 3.816823556688097, 3.647904904683431, 3.6652534670299954, 3.5988774988386365, 3.623815658357408, 3.517389671007792, 3.470868561002943, 3.5179332150353324, 3.433287747701009, 3.461070364051395, 3.4910736031002467, 3.3786689387427438, 3.3389842218822903, 3.317808879746331, 3.4248481935924953, 3.2943098902702332, 3.2953408426708646, 3.29760735962126, 3.322854010264079, 3.324518851439158, 3.2920755796962315, 3.380695719189114, 3.241061496734619, 3.310779611269633]
valid=[4.617966613769531, 4.191569550991058, 4.020253873984019, 3.8595162267684935, 3.7201239344278973, 3.598242211182912, 3.49394349304835, 3.3771436132589976, 3.2793011011282602, 3.206123080094655, 3.095319349527359, 3.0210556131203967, 2.904637939055761, 2.809249698003133, 2.705821489016215, 2.61325293970108, 2.513717481772105, 2.4051497914393742, 2.290121223052343, 2.1556591418186826, 2.049209186116854, 1.9292273437579472, 1.820892161488533, 1.7007356211741764, 1.610815271894137, 1.493254922191302, 1.36946831236283, 1.27845435855786, 1.1684782957335313, 1.0864066929022471, 0.9971118821104368, 0.9315903700093429, 0.843758949448665, 0.7752067741354306, 0.7072752777238687, 0.6402438162863254]
