train=[4.029269414477878, 3.955753919813368, 3.8203015089035035, 3.8081094874276054, 3.7836273405287, 3.7483682288063895, 3.616735257042779, 3.5981089644961886, 3.62675371699863, 3.6350935141245526, 3.5702900701098974, 3.49755359755622, 3.472883454958598, 3.455989379352993, 3.3883461223708258, 3.4270498673121135, 3.3617349796824985, 3.403394787841373, 3.279959895875719, 3.314708802435133, 3.2666873296101886, 3.252293821175893, 3.201059251361423, 3.1931970742013718, 3.1284237265586854, 3.191269157992469, 3.1269192258516947, 3.1802716546588474, 3.161759984493256, 3.2365634971194797, 3.1717141601774426, 3.0979571051067776, 3.1044370187653434, 3.1752044757207236, 3.1294016493691337, 3.1296803103552926]
valid=[4.34051077969869, 3.9633941780726114, 3.814713435014089, 3.660217157204946, 3.5266420391400657, 3.433533369700114, 3.317361345609029, 3.2177112969557444, 3.105197398503621, 3.0013173033396403, 2.9170019040902457, 2.808787618080775, 2.7124199804464975, 2.623556187470754, 2.5067309709390004, 2.4042475803693137, 2.3407867414156596, 2.222840504805247, 2.120320632179578, 2.0403440232276915, 1.930131447950999, 1.8430133531490962, 1.7342948413689931, 1.670609041849772, 1.5833559666077297, 1.5068586503863335, 1.4247349747220674, 1.3461453494826952, 1.2638866921663285, 1.208684727450212, 1.1526119832396506, 1.0854114161729813, 1.0135574280619621, 0.9796761226256688, 0.9068459069530169, 0.8711082689464092]

